a <- 9
d <- 10
e