a <- 9
d <- 10